inquir	id_1102	83.333	12	2	0	7	18	8	19	8.66e-05	28.1
inquir	id_2940	66.667	12	4	0	7	18	8	19	0.001	25.0
inquir	id_1306	84.615	13	1	1	7	18	7	19	0.002	24.6
inquir	id_4290	75.000	12	3	0	7	18	8	19	0.003	24.3
inquir	id_2122	58.824	17	7	0	1	17	1	17	0.004	23.9
inquir	id_1704	60.000	15	6	0	1	15	1	15	0.008	23.1
inquir	id_1051	66.667	12	4	0	7	18	7	18	0.008	23.1
inquir	id_2104	66.667	12	4	0	7	18	7	18	0.008	23.1
inquir	id_2230	75.000	12	3	0	6	17	4	15	0.009	23.1
inquir	id_9990	60.000	15	6	0	3	17	1	15	0.017	22.3
inquir	id_2180	72.727	11	3	0	7	17	5	15	0.020	21.9
inquir	id_2846	58.333	12	5	0	7	18	1	12	0.033	21.6
inquir	id_2290	72.727	11	3	0	7	17	5	15	0.038	21.2
inquir	id_2967	72.727	11	3	0	7	17	10	20	0.044	21.2
inquir	id_1518	50.000	12	6	0	7	18	12	23	0.064	20.8
inquir	id_2300	63.636	11	4	0	7	17	5	15	0.085	20.4
inquir	id_12758	72.727	11	3	0	7	17	9	19	0.11	20.0
inquir	id_7520	60.000	10	4	0	9	18	12	21	0.15	20.0
inquir	id_6770	43.750	16	9	0	3	18	5	20	0.15	19.6
inquir	id_1414	77.778	9	2	0	7	15	10	18	0.17	19.6
inquir	id_2310	63.636	11	4	0	7	17	5	15	0.19	19.6
inquir	id_2827	72.727	11	3	0	7	17	5	15	0.19	19.6
inquir	id_2410	63.636	11	4	0	7	17	6	16	0.20	19.6
inquir	id_12723	46.154	13	7	0	3	15	9	21	0.23	19.2
inquir	id_1074	55.556	9	4	0	10	18	11	19	0.27	19.2
inquir	id_4200	100.000	6	0	0	13	18	9	14	0.31	18.9
inquir	id_1642	77.778	9	2	0	10	18	5	13	0.42	18.5
inquir	id_6380	54.545	11	5	0	7	17	7	17	0.43	18.5
inquir	id_8896	56.250	16	6	1	4	18	1	16	0.46	18.5
inquir	id_1819	50.000	18	4	1	6	18	5	22	0.52	18.5
inquir	id_12791	63.636	11	4	0	7	17	9	19	0.53	18.5
inquir	id_2386	53.333	15	4	1	7	18	6	20	0.59	18.1
inquir	id_12717	42.857	14	8	0	2	15	8	21	0.61	18.5
inquir	id_5460	83.333	6	1	0	13	18	8	13	0.63	18.1
inquir	id_5680	46.154	13	7	0	4	16	3	15	0.64	18.1
inquir	id_12716	46.154	13	7	0	3	15	9	21	0.65	18.1
inquir	id_2600	42.857	14	8	0	5	18	1	14	0.87	17.7
inquir	id_1943	75.000	8	2	0	6	13	3	10	0.90	17.7
inquir	id_8470	54.545	11	5	0	7	17	8	18	0.96	17.7
inquir	id_1487	75.000	8	2	0	7	14	9	16	0.96	17.7
inquir	id_2340	54.545	11	5	0	7	17	5	15	1.0	17.7
inquir	id_5690	46.154	13	7	0	4	16	3	15	1.0	17.7
inquir	id_1095	83.333	6	1	0	13	18	11	16	1.1	17.7
inquir	id_1399	83.333	6	1	0	13	18	13	18	1.1	17.7
inquir	id_1741	83.333	6	1	0	13	18	8	13	1.1	17.7
inquir	id_2330	54.545	11	5	0	7	17	5	15	1.1	17.3
inquir	id_1996	100.000	5	0	0	14	18	20	24	1.1	17.7
inquir	id_1188	41.667	12	7	0	6	17	3	14	1.2	17.3
inquir	id_6200	83.333	6	1	0	13	18	10	15	1.3	17.3
inquir	id_4150	47.059	17	7	1	4	18	2	18	1.3	17.3
inquir	id_1889	100.000	5	0	0	14	18	13	17	1.4	17.3
inquir	id_6590	60.000	10	4	0	6	15	7	16	1.4	17.3
inquir	id_1400	100.000	5	0	0	14	18	14	18	1.4	17.3
inquir	id_2324	50.000	10	5	0	9	18	6	15	1.5	17.3
inquir	id_1370	100.000	5	0	0	14	18	17	21	1.5	17.3
inquir	id_2566	100.000	5	0	0	14	18	14	18	1.5	17.3
inquir	id_1770	85.714	7	1	0	7	13	8	14	1.6	17.3
inquir	id_8700	33.333	15	10	0	3	17	1	15	1.6	16.9
inquir	id_9780	100.000	5	0	0	14	18	18	22	1.7	16.9
inquir	id_1415	60.000	10	4	0	8	17	3	12	1.7	16.9
inquir	id_2217	100.000	5	0	0	14	18	6	10	1.7	16.9
inquir	id_2925	100.000	5	0	0	14	18	11	15	1.8	16.9
inquir	id_1937	100.000	5	0	0	14	18	11	15	1.8	16.9
inquir	id_1316	46.154	13	7	0	1	13	1	13	1.8	16.9
inquir	id_1398	100.000	5	0	0	14	18	15	19	1.8	16.9
inquir	id_1217	100.000	5	0	0	14	18	15	19	1.8	16.9
inquir	id_2484	50.000	10	5	0	7	16	5	14	1.9	16.9
inquir	id_1966	100.000	5	0	0	14	18	13	17	1.9	16.9
inquir	id_2356	55.556	9	4	0	7	15	5	13	2.0	16.9
inquir	id_8190	100.000	5	0	0	14	18	13	17	2.1	16.9
inquir	id_2084	85.714	7	1	0	7	13	6	12	2.1	16.5
inquir	id_1857	100.000	5	0	0	14	18	12	16	2.2	16.5
inquir	id_2190	54.545	11	5	0	7	17	5	15	2.2	16.5
inquir	id_12875	66.667	9	3	0	10	18	5	13	2.2	16.5
inquir	id_2240	50.000	12	6	0	6	17	4	15	2.3	16.5
inquir	id_12741	55.556	9	4	0	10	18	5	13	2.5	16.5
inquir	id_1940	60.000	10	4	0	4	13	3	12	2.5	16.5
inquir	id_1078	38.462	13	8	0	4	16	3	15	3.0	16.2
inquir	id_1181	62.500	8	3	0	7	14	9	16	3.3	16.2
inquir	id_1561	45.455	11	6	0	7	17	5	15	3.4	16.2
inquir	id_2849	55.556	9	4	0	10	18	13	21	4.1	16.2
inquir	id_1167	46.154	13	6	1	7	18	8	20	4.7	15.8
inquir	id_2350	54.545	11	5	0	7	17	5	15	5.0	15.8
inquir	id_1694	57.143	7	3	0	12	18	13	19	5.2	15.8
inquir	id_2780	55.556	9	4	0	7	15	5	13	5.7	15.4
inquir	id_12594	75.000	8	2	0	10	17	7	14	5.9	15.4
inquir	id_2206	66.667	9	3	0	9	17	6	14	6.5	15.4
inquir	id_2971	62.500	8	3	0	11	18	10	17	6.5	15.4
inquir	id_2438	83.333	6	1	0	7	12	8	13	6.6	15.4
inquir	id_12665	66.667	6	2	0	12	17	14	19	8.6	15.4
inquir	id_2220	33.333	12	8	0	6	17	4	15	8.8	15.4
